0 0.47578125 0.05703125 0.05546875 0.06328125
0 0.45 0.1234375 0.05390625 0.06328125
0 0.29453125 0.13125 0.0484375 0.078125
0 0.37578125 0.1984375 0.06796875 0.06796875
0 0.21640625 0.24453125 0.07421875 0.06875
0 0.3484375 0.27734375 0.06875 0.05625
0 0.59765625 0.1765625 0.06328125 0.05546875
0 0.6515625 0.10625 0.06875 0.0453125
0 0.840625 0.1796875 0.03984375 0.08671875
0 0.0578125 0.33671875 0.0515625 0.06171875
0 0.428125 0.30546875 0.04921875 0.08515625
0 0.7921875 0.25859375 0.03984375 0.0765625
0 0.7140625 0.26484375 0.03515625 0.07578125
0 0.65390625 0.3109375 0.06171875 0.059375
0 0.54609375 0.3609375 0.059375 0.08125
0 0.50703125 0.44609375 0.06015625 0.0515625
0 0.359375 0.396875 0.03828125 0.08671875
0 0.228125 0.4140625 0.06796875 0.05234375
0 0.1046875 0.4578125 0.0515625 0.0625
0 0.1796875 0.5375 0.05078125 0.07890625
0 0.3046875 0.52421875 0.06640625 0.05859375
0 0.5 0.58046875 0.04765625 0.090625
0 0.60390625 0.52734375 0.0390625 0.08046875
0 0.7078125 0.56796875 0.053125 0.07890625
0 0.834375 0.5671875 0.04453125 0.09375
0 0.7609375 0.67578125 0.0390625 0.078125
0 0.0375 0.621875 0.05234375 0.0578125
0 0.1078125 0.73671875 0.05625 0.0609375
0 0.2046875 0.74453125 0.05078125 0.0703125
0 0.2640625 0.74609375 0.0328125 0.07890625
0 0.41640625 0.6609375 0.0609375 0.0640625
0 0.378125 0.734375 0.05859375 0.05546875
0 0.2171875 0.85 0.0515625 0.065625
0 0.35859375 0.82421875 0.0453125 0.075
0 0.3390625 0.90703125 0.03359375 0.06796875
0 0.4609375 0.87890625 0.06484375 0.0640625
0 0.5375 0.953125 0.05859375 0.059375
0 0.52890625 0.7546875 0.05859375 0.06328125
0 0.59921875 0.77109375 0.04921875 0.0625
0 0.653125 0.68046875 0.03984375 0.0765625
0 0.9234375 0.74765625 0.040625 0.0765625
0 0.65625 0.85625 0.04921875 0.071875
0 0.80703125 0.86640625 0.04453125 0.0609375