0 0.2987949108772015 0.09120522033855416 0.08688787799792799 0.08798178903121974
0 0.1406142297361203 0.16710516588743635 0.08747007485477488 0.10048178903121974
0 0.24998707568334438 0.20005350039278347 0.10302230024766904 0.09901019262201594
0 0.10315911745395803 0.3172824278894889 0.10941784946188075 0.10217155405833438
0 0.2527246238640988 0.2922000937769252 0.09938787799792799 0.08805451190385671
0 0.4726690585198366 0.08082119048071659 0.09135705417661058 0.08332156010845859
0 0.500199053143153 0.011172807574375812 0.09022689371369381 0.022345615148751625
0 0.7241994793218355 0.015192166182023908 0.07972604135632899 0.030384332364047816
0 0.0077803050051799645 0.48036421087058445 0.015560610010359929 0.08614657825883114
0 0.3467657222925222 0.2854046722321481 0.09252144789030421 0.10832156010845857
0 0.7062991958233896 0.07868093179831374 0.07943925103345713 0.09574883723582164
0 0.6278809433421901 0.11897010939321499 0.07304370181924558 0.09258747579950316
0 0.5823094241117678 0.1918717990883647 0.09157537799792799 0.08800906010845862
0 0.4902610111676518 0.2900371091968233 0.10033394789030403 0.10836701190385671
0 0.48307774979511214 0.3939569947354427 0.08645123035529281 0.07860678903121973
0 0.3105841656347124 0.40823818423420066 0.08143839867609248 0.1051329275949012
0 0.17974723449363128 0.48397904849918943 0.0960445541766104 0.0833488311856975
0 0.06894882154951518 0.5822534429166035 0.08369010339082217 0.08640110831306061
0 0.17759392142568067 0.6308267774219507 0.09066784946188075 0.10206246974937905
0 0.3026346168347855 0.5621489794137405 0.09789815260503384 0.08960792154477701
0 0.526528035155585 0.5342911032448949 0.0927397717116218 0.11300906010845857
0 0.6147793600103599 0.43380476903413534 0.07958480024766885 0.09887383723582163
0 0.7383624092245716 0.4299616306668456 0.09386562406898662 0.10364315046753814
0 0.8691072950803825 0.37296622122231693 0.09132282092583352 0.11612496974937896
0 0.8335057812266436 0.51688439286529 0.07794952564056316 0.09730224687674216
0 0.06617477026838887 0.775967081480285 0.07558650496239872 0.08010565651766229
0 0.179995367663355 0.8643432593697739 0.08837760339082212 0.08642837939029917
0 0.28312252171613095 0.8301586360295987 0.08561647642635144 0.09422269867214013
0 0.3451880281262717 0.8055853620254936 0.07155397642635145 0.09414088544042372
0 0.47106993962264576 0.6517694947354427 0.09491870181924558 0.09271474082661797
0 0.45900012510695304 0.7432211965308408 0.08659677956950454 0.08173178903121983
0 0.3369495349506973 0.932161497564113 0.08539815260503385 0.08953519867214013
0 0.4738374129486253 0.8438888170423455 0.0841267510334573 0.0957761083130606
0 0.48516871112937976 0.9359854134515494 0.06635705417661057 0.0831761143631848
0 0.6006717406988843 0.8540854527773568 0.09811647642635143 0.09429542154477702
0 0.7088630763070262 0.8956320824622438 0.08837760339082212 0.08642837939029917
0 0.62435545140947 0.6977400040070207 0.09008565260503403 0.08956246974937905
0 0.7030990355698699 0.6840042360530398 0.08049232878371626 0.0848204275949012
0 0.7248906064957032 0.5682837872827038 0.0778767510334573 0.09573974687674217
0 0.7947193012856355 0.745954269328723 0.0856892510334573 0.09578519867214012
0 0.9433965498378936 0.6896355707547788 0.05222177956950454 0.08153180113146821