0 0.5726275062682061 0.06471052556424994 0.06610838479802066 0.07143071509696393
0 0.5885503714701855 0.13533667126217885 0.06298338479802065 0.07137616801906325
0 0.7432462316576 0.16461288838773766 0.06026756175762475 0.08538412094116259
0 0.6517203097125608 0.22085715989809312 0.07879024122451135 0.07789890340856669
0 0.8037170672344081 0.2891686034847016 0.08508570533113406 0.07957049756436803
0 0.66652094411487 0.3031884188265469 0.07847199247815269 0.06696140340856668
0 0.4328399290711752 0.1677928409060952 0.07217652837152996 0.06528980925276531
0 0.3897779023489979 0.08965815827653534 0.07654577962517113 0.05443412986961631
0 0.18986281888376078 0.13697566882984216 0.05268238229073816 0.09306025324641087
0 0.9480999015575751 0.4042459529155087 0.06137542069139812 0.06978639448011284
0 0.5823588927820864 0.3212605344927037 0.062011918184115444 0.09166139448011297
0 0.22566627507282466 0.2228001205341255 0.05236413354437941 0.08212275324641087
0 0.3033366340065978 0.23978879748164247 0.04763116943775678 0.08047843262955985
0 0.35647835438142667 0.2938683713449044 0.07070495658477531 0.06838753571381488
0 0.45698080806320807 0.35893603814615166 0.07134145407749273 0.09026253571381489
0 0.48246888987909264 0.45005196184725776 0.06891513605166182 0.06054776217486459
0 0.6372844220115462 0.4214884054338663 0.05111988229073816 0.09303297970746054
0 0.7659944437191586 0.4573458591667444 0.07677310015828454 0.0622466298696164
0 0.8830168076674966 0.5187936481269704 0.06137542069139812 0.06978639448011278
0 0.7957919408161647 0.5884009902541768 0.06187552586424729 0.08697389448011279
0 0.6731955267886842 0.5573401306771 0.0753924565847754 0.06846935633066593
0 0.4691157805496079 0.5866070706135558 0.060631274610606314 0.09788412094116268
0 0.3726332371343833 0.5177013376596843 0.05093802586424747 0.08678297970746059
0 0.263221133215175 0.5439308267026357 0.06500052586424747 0.08702844155801373
0 0.13635475633471317 0.525301783278183 0.059159702823851565 0.10098184740221221
0 0.1938369842313894 0.6451154512972462 0.05084709765100213 0.08365797970746058
0 0.9248680238856904 0.6922681042954805 0.06123902837152997 0.06509889448011279
0 0.8365974825820366 0.7978129464226871 0.06606292069139812 0.06986821509696402
0 0.7390776249019048 0.7914208502382907 0.06160274122451135 0.07759889448011278
0 0.6798617492750841 0.7849157057581778 0.04459709765100221 0.08354888555165925
0 0.5399390944188038 0.6777326769442217 0.07084134890464337 0.07307503571381488
0 0.5673533890876697 0.7563758741842782 0.06744356426490725 0.06364548863591431
0 0.7102275477048738 0.8964395868456101 0.0614663489046432 0.07291139448011279
0 0.5732420247436203 0.849494628648505 0.0570516335443795 0.08220457386326174
0 0.5808750168260615 0.9363906566516823 0.04427884890464338 0.07261138555165907
0 0.4618355118114965 0.8905405941525061 0.07552884890464337 0.07315685633066593
0 0.3747925013866552 0.9538979362797125 0.06757995658477531 0.0683329886359143
0 0.41416019292773576 0.7560468173671449 0.06767088479802066 0.07145798863591431
0 0.3412766223946223 0.762591097805954 0.059812920691397944 0.06975912094116268
0 0.30036812905853993 0.6641711887153445 0.05080163354437941 0.08209547970746059
0 0.022931242742515314 0.6936642252432337 0.04586248548503063 0.08212275324641087
0 0.27101193501017695 0.8403109488616142 0.06008570533113407 0.07913412094116268
0 0.11969948759660168 0.8290716655834313 0.0535174565847753 0.06808752678536116