0 0.6852333327126577 0.07271794173825315 0.07558650496239867 0.08010565651766241
0 0.6444478209258334 0.11934295686356364 0.08020123035529281 0.07857042759490128
0 0.8381122377988909 0.20247868549173723 0.08118153349844599 0.06607951795398088
0 0.7617702156729844 0.2403054175377563 0.07656680810555194 0.06761474687674207
0 0.9813506614963741 0.3556678388861417 0.03729867700725187 0.08779998184962742
0 0.9218280740262053 0.40681672754801906 0.07416955417661057 0.08322156615858275
0 0.8432107684018529 0.379023004773578 0.06955482878371626 0.08475679508134393
0 0.7631422787409351 0.3871486012809776 0.08823205417661058 0.08330337939029935
0 0.6415219898658056 0.39190830327276743 0.07573205417661058 0.08323065651766245
0 0.5741932487571457 0.4555617371141847 0.08474318114108108 0.07547269867214013
0 0.6365370450758733 0.5699560352205907 0.07438787799792798 0.08790906615858277
0 0.71572158498446 0.6602361224564124 0.08383565260503385 0.0895261083130606
0 0.8439771716260592 0.7140928963623215 0.07438787799792798 0.08790906615858277
0 0.7292105043387169 0.7821565742518105 0.06821065260503385 0.08943520472226432
0 0.8628856451569267 0.9188349385167992 0.06813787799792799 0.08787270472226431
0 0.4794370969806813 0.06449130951928342 0.07595037799792799 0.08791815651766241
0 0.5313142741928212 0.15539356547121175 0.08398120181924558 0.09265110831306052
0 0.5475108165826073 0.28514015280522925 0.07758565260503385 0.08948974687674208
0 0.4774487196019258 0.22303051736480567 0.08161818114108108 0.0754545179539809
0 0.44377154052775936 0.33842825838781526 0.07453342721213971 0.09103406615858275
0 0.3621447431755745 0.12863510187015284 0.08183650496239867 0.0801420179539809
0 0.17431941149637403 0.1540976684215191 0.07693068114108118 0.07542724687674207
0 0.3065776015287954 0.2938919423274283 0.07693068114108108 0.07542724687674199
0 0.16934942927905433 0.2821590359079618 0.07849318114108117 0.07543633723582169
0 0.216303666044488 0.3847482256031115 0.08212760339082212 0.08639201795398091
0 0.34245094313279323 0.42687715914994107 0.0799829065339753 0.07388292759490125
0 0.048499735936864144 0.4040789668225127 0.06264985731976358 0.07065793364502544
0 0.06818515136217959 0.5416562348746895 0.073369033498446 0.06603406615858276
0 0.15410768878956702 0.592142569085449 0.07544095574818703 0.07698065651766246
0 0.2172819309316842 0.623751638269094 0.07602315260503387 0.08948065651766228
0 0.5120271966474499 0.562983351673761 0.07424232878371625 0.08478406615858276
0 0.6216312907326471 0.7362304750139362 0.07929370181924558 0.09262383723582168
0 0.5345529758026697 0.7950827793668582 0.0841267510334573 0.0957761083130606
0 0.4689793256788352 0.7454958698241337 0.08049232878371626 0.0848204275949012
0 0.3307472715022247 0.6619015989432866 0.07017125889134021 0.06445338544042371
0 0.3984762729499668 0.6068419151018694 0.08190927956950463 0.0817045179539809
0 0.27248531533975295 0.7357612797596417 0.07275260339082212 0.08633747579950324
0 0.3561583021051867 0.8385640928931624 0.08020123035529281 0.07857042759490121
0 0.5557623498716563 0.8983032281371942 0.08696065260503386 0.08954428903121965
0 0.694120682584314 0.9658578459182244 0.06741013192686936 0.06828430816355109
0 0.4021493523528557 0.9372424874087724 0.0736601319268694 0.07228406615858277
0 0.1315306755550007 0.6943272378015557 0.07551373035529285 0.07854315651766228
0 0.22405212344530484 0.8026487979100143 0.06970037799792801 0.08788179508134411