0 0.47734375 0.05625 0.0484375 0.06484375
0 0.4578125 0.115625 0.0546875 0.0578125
0 0.659375 0.109375 0.0640625 0.040625
0 0.60546875 0.175 0.05703125 0.04609375
0 0.8578125 0.18125 0.0390625 0.07578125
0 0.80859375 0.259375 0.04375 0.06953125
0 0.72890625 0.2671875 0.0359375 0.07421875
0 0.6609375 0.30703125 0.06328125 0.06015625
0 0.55546875 0.3625 0.04453125 0.06875
0 0.5203125 0.44765625 0.06328125 0.05234375
0 0.61796875 0.525 0.04140625 0.075
0 0.72109375 0.5734375 0.05234375 0.071875
0 0.85390625 0.56875 0.04140625 0.075
0 0.77734375 0.678125 0.03203125 0.08046875
0 0.94609375 0.7453125 0.0328125 0.07890625
0 0.2921875 0.13515625 0.0421875 0.075
0 0.37109375 0.1953125 0.04921875 0.07578125
0 0.43359375 0.3046875 0.0421875 0.07578125
0 0.34921875 0.27890625 0.05859375 0.053125
0 0.36171875 0.39609375 0.0390625 0.07890625
0 0.21171875 0.24140625 0.05703125 0.05859375
0 0.05546875 0.34296875 0.05390625 0.05546875
0 0.225 0.4140625 0.053125 0.05625
0 0.09921875 0.46015625 0.0546875 0.0546875
0 0.17890625 0.53359375 0.0515625 0.06875
0 0.30546875 0.51953125 0.05703125 0.053125
0 0.0328125 0.6234375 0.0515625 0.0515625
0 0.10625 0.73671875 0.053125 0.046875
0 0.2 0.746875 0.04921875 0.05859375
0 0.26875 0.7484375 0.04296875 0.075
0 0.50546875 0.57109375 0.040625 0.071875
0 0.66640625 0.68203125 0.04296875 0.07890625
0 0.6109375 0.7703125 0.0484375 0.07890625
0 0.534375 0.75390625 0.05234375 0.06484375
0 0.3828125 0.7359375 0.05234375 0.04453125
0 0.42109375 0.65859375 0.0546875 0.06171875
0 0.3578125 0.8265625 0.040625 0.0734375
0 0.4703125 0.884375 0.05625 0.05703125
0 0.66796875 0.85546875 0.05625 0.06875
0 0.81796875 0.8625 0.0390625 0.0640625
0 0.546875 0.9546875 0.05234375 0.05234375
0 0.21875 0.8484375 0.0484375 0.06015625
0 0.340625 0.90703125 0.034375 0.07734375