0 0.513635238661682 0.06365962403768836 0.05864884134309047 0.0749048247398008
0 0.4864000293205006 0.12008004240048258 0.06326361600890866 0.06890048620519007
0 0.6940307159850462 0.1465960340327396 0.07243862133990878 0.05220430913596861
0 0.6315756219764557 0.20664274140511435 0.06311816534054504 0.05640048620519007
0 0.8913409733052287 0.2538707027342181 0.04940111067790838 0.08535100180902226
0 0.8303120192950473 0.3257180472617226 0.05401588534372692 0.07934666327441153
0 0.7475086099618199 0.3205967780398458 0.046257929344363194 0.08362472749876275
0 0.6728989612905929 0.35030088817118255 0.07267497867599956 0.07251680913596861
0 0.5575188619510023 0.39037593226914585 0.05556020401018138 0.07786605042954128
0 0.5104433199395482 0.4723352611928181 0.07102157200827222 0.06462242198083885
0 0.6023575525939124 0.5678325469230383 0.05250792934436319 0.08395227611928177
0 0.7024297305856401 0.6340517684289073 0.06342724801081764 0.08296298620519008
0 0.8398206425843675 0.6506328380803256 0.052526110677908376 0.08551477611928178
0 0.7479774932368226 0.7505708830827998 0.043187473344999464 0.08814845318850324
0 0.914137747891505 0.8476140586816833 0.04316929201145392 0.0865859531885036
0 0.3137165073201824 0.11337526175864501 0.05252611067790856 0.08551477611928182
0 0.38788016597709196 0.1891808452048731 0.06035679201145401 0.08748671189493056
0 0.4380517939608654 0.3114143713241549 0.05252611067790856 0.08551477611928178
0 0.35410405529918343 0.2702737149471483 0.06633407200827239 0.06437676051544958
0 0.35423022994909326 0.3937931021022781 0.04943747334499946 0.08847600180902226
0 0.2172222206397285 0.20994264529573012 0.06640679734245411 0.07062676051544958
0 0.04433815662795633 0.2876538082314574 0.0616647533418178 0.06569359905006031
0 0.21044386728200237 0.38938448383034086 0.06168293467536321 0.06725609905006032
0 0.07488762794400258 0.41667624491161737 0.06322725334181778 0.06577548620519007
0 0.14812458593254857 0.5049408847802805 0.06182838534372679 0.07975609905006031
0 0.28017401726609403 0.5102978493887446 0.0647715720082724 0.06429487336031983
0 0.007764857296319885 0.5740107100859083 0.01552971459263977 0.057396420171816585
0 0.048122943905186184 0.7013854375846711 0.06157384667409057 0.057881099050060315
0 0.14476158656909538 0.7267749412027157 0.05857611600890866 0.06865482473980081
0 0.21417465790105003 0.7405751696059897 0.05408861067790858 0.08559666327441154
0 0.4800734725891399 0.5966015988229177 0.05092724801081765 0.08230788896415202
0 0.6332337405713225 0.7359584271807631 0.05412497334499946 0.08872166327441153
0 0.5658275172263231 0.8184157230877487 0.060393154678545 0.09061171189493074
0 0.4887746685630502 0.789362308908826 0.06179202267663584 0.07663109905006031
0 0.3337149985678227 0.7460582869734156 0.05841248400699968 0.0545923247398008
0 0.3830433839115495 0.672034288782438 0.06331816000954502 0.07358798620519007
0 0.2975133218889597 0.8340595759829963 0.05092724801081765 0.08230788896415211
0 0.40604288987909654 0.9124479268420789 0.06482611600890867 0.06898237336031983
0 0.6147366372135965 0.9147861120519007 0.0665340666772721 0.0815642605154494
0 0.7683610765436419 0.9470707468321813 0.04769316000954511 0.07276911465389233
0 0.47620939186827876 0.9823089682265087 0.060065890674726855 0.03538206354698268
0 0.1521008245544597 0.8350378205559293 0.05859429734245412 0.0702173247398008
0 0.27000539254459655 0.9139174943457904 0.04473179201145401 0.08666784034363317