0 0.3158003058520831 0.32059690862562473 0.06740701196784729 0.07808993882958344
0 0.31233177336701373 0.23478669519475667 0.058286585106111136 0.08880923328250008
0 0.3607712329981596 0.13293260125493025 0.05803201196784728 0.07787173328250004
0 0.3551946866453819 0.07059625541524275 0.05650587955902786 0.0793978656913195
0 0.4889683149701387 0.16040102498253433 0.06104790919430556 0.07325696846486114
0 0.510408863507118 0.07791518009277734 0.06533536569131951 0.05617857123840284
0 0.5719600400845136 0.2849633074676037 0.057741071238402775 0.06537173328250008
0 0.6084255233670136 0.22789503666604113 0.05694229065319441 0.0981478656913195
0 0.6652937724170831 0.2000233033835411 0.05359908510611113 0.08870013050895835
0 0.686843423727604 0.11284995849378414 0.05367182028847228 0.0918251305089584
0 0.49364993607670093 0.46247201804868016 0.06082970364722229 0.06388196846486113
0 0.5028450577519441 0.3693396138883676 0.061447952697291794 0.09044446846486114
0 0.5907054676118398 0.5195558598043051 0.05686955547083343 0.0950228656913195
0 0.6868349319926385 0.5493323191511106 0.0583229526972918 0.09037173328249999
0 0.7589443617041661 0.638229858570034 0.044042247150208526 0.08066942496187508
0 0.7945935338162495 0.5155911391552424 0.06439111474138884 0.0827047036472223
0 0.9072721057202425 0.6730380036122909 0.05043771751493083 0.08706489532659738
0 0.8475308169669091 0.824347236894791 0.050219511967847554 0.07768989532659738
0 0.592517315067048 0.7771865218484023 0.051782011967847194 0.07772626291777787
0 0.6572701460890965 0.7795835168144091 0.059703614741388834 0.08259560087368065
0 0.6753863260849646 0.6721885909026035 0.05025587955902786 0.07925239532659738
0 0.7219489355080201 0.8522566441892355 0.05494337955902786 0.07936149810013901
0 0.4851191231033326 0.9631805328663191 0.05116376291777769 0.05116376291777769
0 0.4819772457285062 0.8968833856398607 0.05657861474138901 0.08252286569131968
0 0.4734218229508326 0.7947942087781246 0.05614220364722229 0.0637728656913195
0 0.48098170944371466 0.7048231722089927 0.06747974715020835 0.08121493882958326
0 0.5216632204616314 0.600807166225069 0.058468423062014094 0.09662173328249998
0 0.36657894301055516 0.45371722672989556 0.05886846656500015 0.11380923328249999
0 0.3957962771667358 0.33903647767982603 0.05345361474138892 0.08245013050895836
0 0.23457110248920127 0.1874045085493748 0.0583229526972918 0.09037173328250007
0 0.2017741734432636 0.32168924278180533 0.08201502583555564 0.10185474715020834
0 0.10860278885024266 0.46674912927468737 0.061120644376666755 0.07638196846486114
0 0.26479758425308986 0.49903168636104145 0.06922408510611122 0.08906380642076392
0 0.3509876977602079 0.5868206674593399 0.05305357123840278 0.06526263050895835
0 0.17475250608083287 0.5768677052627429 0.06431837955902786 0.07957970364722229
0 0.26161542002479116 0.6357504363610416 0.055270687879652856 0.09342399810013902
0 0.17280488032152713 0.761188153875972 0.05610583605604171 0.062210365691319505
0 0.33308645725951314 0.8527184243931941 0.06141158510611113 0.08888196846486132
0 0.3722015490151381 0.9501921832269093 0.05497974715020835 0.08092399810013902
0 0.3843223021492701 0.8320052276798261 0.04876611474138901 0.08234102773541671
0 0.2617926855080201 0.8629668997919093 0.056251306420763925 0.06846036569131968
0 0.579687393904895 0.9258422273954856 0.06566267401194459 0.07024107123840295