0 0.6687737676593933 0.26877466667300326 0.051962475799503235 0.06904998184962743
0 0.6557919786281736 0.18603488954564015 0.03953519867214013 0.08147725897699046
0 0.5912249636992548 0.0996888442679045 0.04258747579950324 0.06899543969514968
0 0.5838391896951497 0.03879225088376278 0.04260565651766246 0.07212043969514967
0 0.4735789214465812 0.15584391637841563 0.04724770472226432 0.0643352107723885
0 0.43876758421075956 0.08104390427816724 0.056504530054229285 0.04407725292686622
0 0.41812887304558755 0.29367116930528187 0.04563975292686617 0.056513620413308985
0 0.3733249122731991 0.24705524453905098 0.03647383118569749 0.09239657825883123
0 0.3138680990414825 0.23333817818407648 0.036419289031219736 0.08302157825883116
0 0.2759090359079618 0.15465009680198727 0.03487496974937896 0.08613748789975162
0 0.5252697282353902 0.44617802488786784 0.05030907220870695 0.05341589149054773
0 0.49975612294739163 0.3580422206331418 0.04266928903121965 0.08305793969514967
0 0.44446515583029134 0.523213223560008 0.03644656010845857 0.08770907825883115
0 0.3588185473208391 0.573713193309387 0.04110678903121974 0.08304884933607007
0 0.3070656706610143 0.6755802203385541 0.026998837235821683 0.07515453610435348
0 0.24939809552544104 0.5665370184449602 0.04885565651766246 0.07215680113146802
0 0.17151905610143786 0.7435585815784809 0.03172269867214013 0.0814318071815924
0 0.25743889626412575 0.8743131570086418 0.03478406615858276 0.07051248789975162
0 0.4904417729239506 0.771391648326239 0.03634656615858276 0.07052157825883114
0 0.42959517651474677 0.7873711723303439 0.04417724687674198 0.07369203005422928
0 0.3923082790722706 0.689928545768715 0.03479315651766237 0.07207498789975161
0 0.38086730590504614 0.8720325186413518 0.03947156615858276 0.07053975897699019
0 0.6281831883204075 0.9463774919067725 0.03955337939029935 0.08460225897699018
0 0.6183036733914887 0.85971328406125 0.039498837235821684 0.07522725897699054
0 0.6075656404103933 0.7597723713952675 0.04406816256778647 0.054942030054229284
0 0.5820747610200939 0.6755428171405414 0.05040906615858276 0.07060339149054773
0 0.524516270193476 0.5852496152469475 0.03801815046753827 0.08928066861791084
0 0.6453686047970191 0.40875931723873726 0.0350022347764936 0.10801248789975162
0 0.5955453459182245 0.3051394135497453 0.03793633723582168 0.07521816861791084
0 0.7210488190854492 0.12237184446429623 0.04110678903121965 0.08304884933607007
0 0.7764453670936592 0.24392868189650962 0.06301815046753827 0.0894261143631847
0 0.8919708940246306 0.3604480405041577 0.04725679508134384 0.06589771077238851
0 0.7509555294650541 0.42845821800086303 0.05200792759490121 0.07686248184962738
0 0.6843725383438487 0.5327553534412867 0.040961343285945875 0.05804884933607006
0 0.8497111920328407 0.4825730253788472 0.05039997579950324 0.06904089149054773
0 0.7782770744482022 0.5587724318965096 0.03488406010845857 0.08769998789975161
0 0.8866759026088376 0.658926447120016 0.04561248184962743 0.05182612041330899
0 0.7514565409761274 0.7831548083599428 0.042660198672140125 0.08149543969514958
0 0.7325252546753822 0.886393437848438 0.03948974687674216 0.07366475897699018
0 0.6990627940011894 0.77486558538911 0.0317045179539809 0.07830680718159222
0 0.8217326795398089 0.77649574220136 0.042532933645025396 0.05962043969514959
0 0.5303133148820365 0.9102268893492484 0.05347043364502539 0.05968407220870695
0 0.46352124550199997 0.9785865247896719 0.05021816861791084 0.037790891490547554