0 0.353125 0.26953125 0.04453125 0.0609375
0 0.37109375 0.19296875 0.0328125 0.07421875
0 0.4375 0.11484375 0.03515625 0.0625
0 0.446875 0.05859375 0.034375 0.06484375
0 0.54375 0.175 0.040625 0.0578125
0 0.58125 0.10703125 0.05078125 0.0375
0 0.58828125 0.3078125 0.03984375 0.05078125
0 0.6328125 0.2671875 0.02890625 0.084375
0 0.68984375 0.25859375 0.02734375 0.07578125
0 0.7296875 0.1859375 0.0265625 0.0796875
0 0.478125 0.4453125 0.04375 0.046875
0 0.50703125 0.36484375 0.034375 0.075
0 0.55 0.52265625 0.02890625 0.08125
0 0.62734375 0.575 0.03203125 0.07578125
0 0.66953125 0.67421875 0.0203125 0.0703125
0 0.73046875 0.575 0.040625 0.065625
0 0.7921875 0.74609375 0.02421875 0.075
0 0.7046875 0.8640625 0.028125 0.06484375
0 0.49140625 0.753125 0.02890625 0.06484375
0 0.546875 0.77265625 0.0359375 0.0671875
0 0.58828125 0.68203125 0.028125 0.06640625
0 0.5875 0.8546875 0.03203125 0.06484375
0 0.35078125 0.909375 0.03125 0.07734375
0 0.365625 0.82890625 0.0328125 0.06875
0 0.38125 0.73515625 0.03828125 0.0484375
0 0.41015625 0.65703125 0.04375 0.0640625
0 0.46953125 0.57578125 0.03046875 0.08203125
0 0.3671875 0.40234375 0.02578125 0.1
0 0.4203125 0.3078125 0.0296875 0.06953125
0 0.31328125 0.12890625 0.0328125 0.07578125
0 0.253125 0.23984375 0.053125 0.08046875
0 0.1375 0.34296875 0.040625 0.059375
0 0.2671875 0.41484375 0.04453125 0.0703125
0 0.32265625 0.5171875 0.03515625 0.0515625
0 0.1703125 0.46015625 0.04296875 0.0625
0 0.2328125 0.5359375 0.02734375 0.08046875
0 0.125 0.6234375 0.0390625 0.046875
0 0.24453125 0.7484375 0.03515625 0.07421875
0 0.25625 0.84609375 0.0328125 0.0671875
0 0.29453125 0.74453125 0.02421875 0.07109375
0 0.17890625 0.73828125 0.0375 0.05390625
0 0.4453125 0.88125 0.04609375 0.053125
0 0.5046875 0.95390625 0.04453125 0.04140625